theta: [1.570796327, 0.0, 0.0, 0.0, 4.71238898, 0]
alpha: [0, 4.71238898, 0, 0, 4.71238898, 0]
d: [0, 0, 0, 0, 0, 0.035256]
a: [0.12249, 0.1365, 0.075511, 0.072489, 0, 0]
origin: [0.0, 0.0, 0.0, -1.570796327, 0.0, 0.0]