joints: ['joint1', 'joint2', 'joint3', 'joint4', 'joint5']
directions: [1, -1, -1, 1, -1]
theta: [1.570796327, 0.0, 0.0, 0.0, 4.71238898, 0]
alpha: [0, 4.71238898, 0, 0, 4.71238898, 0]
d: [0, 0, 0, 0, 0, 0.04526]
a: [0.12249, 0.1365, 0.075511, 0.072489, 0, 0]
origin: [0.0, 0.0, -0.130, -1.570796327, 0.0, 3.14]
limits:
  upper: [1.57, 2.2, 1.57, 1.57, 2.3]
  lower: [-1.57, -2.2, -1.57, -1.57, -2.3]
