manipulator:
  joints: ['joint1', 'joint2', 'joint3', 'joint4', 'joint5']
  directions: [1, 1, 1, 1, 1]
  theta: [1.570796327, 0.0, 0.0, 0.0, 4.71238898, 0]
  alpha: [0, 4.71238898, 0, 0, 4.71238898, 0]
  d: [0, 0, 0, 0, 0, 0.04526]
  a: [0.12249, 0.1365, 0.075511, 0.072489, 0, 0]
  origin: [0, 0, 0.075, 1.57079, 0, 3.14159]
  home: [0.769, 0.801, -0.443, 0.907, -0.463]
  limits:
    upper: [1.57, 2.2, 1.57, 1.57, 2.3]
    lower: [-1.57, -2.2, -1.57, -1.57, -2.3]
  lambda: 30.0
UAV:
  degrees_of_freedom: 4
  lambda: 30.0
IMPEDANCE_FILTER:
  M: [2.5, 2.5, 2.5, 0.0833333, 0.0833333, 0.0833333]
  B: [10, 10, 10, 0.5270462767, 0.5270462767, 0.5270462767]
  K: [10, 10, 10, 0.83333333 , 0.83333333, 0.83333333]
  dead_zone: [0.0, 0.0, 0.0, 0.0, 0.0, 0.0]
AIC:
  INTEGRAL_ADAPTATION_GAINS:
    ke1: [0.4, 0.001, 0.001, 0.0, 0.0, 0.0]
  PROPORTIONAL_ADAPTATION_GAINS:
    ke2: [1.0, 0.018, 0.018, 0.0, 0.0, 0.0]
  INITIAL_GAINS:
    Ke: [0.0, 0.003, 0.003, 1.0, 1.0, 1.0]
  WEIGHTING_FACTORS:
    Wp: [1.5, 1.0, 1.0, 0.0, 0.0, 0.0]
    Wd: [0.8, 0.0, 0.0, 0.0, 0.0, 0.0]
