origin:
  manipulator: [0, 0, 0.075, 1.57079, 0, 3.14159]
directions: [1, -1, -1, 1, -1]
IMPEDANCE_FILTER:
  M: [2.5, 2.5, 2.5, 0.0833333, 0.0833333, 0.0833333]
  B: [10, 10, 10, 0.5270462767, 0.5270462767, 0.5270462767]
  K: [10, 10, 10, 0.83333333 , 0.83333333, 0.83333333]
  dead_zone: [0.0, 0.0, 0.0, 0.0, 0.0, 0.0]
AIC:
  INTEGRAL_ADAPTATION_GAINS:
    ke1: [0.4, 0.001, 0.001, 0.0, 0.0, 0.0]
  PROPORTIONAL_ADAPTATION_GAINS:
    ke2: [1.0, 0.018, 0.018, 0.0, 0.0, 0.0]
  INITIAL_GAINS:
    Ke: [0.0, 0.003, 0.003, 1.0, 1.0, 1.0]
  WEIGHTING_FACTORS:
    Wp: [1.5, 1.0, 1.0, 0.0, 0.0, 0.0]
    Wd: [0.8, 0.0, 0.0, 0.0, 0.0, 0.0]